8.924832558885076317e-02
2.636675288258334970e-01
7.531857060373138568e-02
2.851208781913890447e-02
2.712285373247606476e-02
1.060899262781163713e-02
4.276672081310607144e-03
1.511183706652096358e-02
9.963305311594849306e-03
9.213700168620031494e-02
4.093581711328917599e-02
9.593721191012450147e-03
9.146683954866299815e-02
4.585774934298422201e-01
2.317618449385755452e-02
5.269460664267987086e-03
7.469862799012369492e-02
5.853438178858156021e-04
4.204552767235959082e-03
8.981135072649597262e-02
4.711724043251206469e-05
5.000910538087418450e-02
1.643977488282001229e-03
8.183901168559179137e-03
8.462882932804961875e-04
6.093584115245895272e-02
2.145674750806974944e-03
1.925344147756575044e-02
1.839698637681989879e-02
6.879346758493280756e-02
3.455935992515301539e-03
6.274953138225809919e-03
8.222342519141723205e-02
3.201429457207036113e-04
3.200146735837911070e-03
4.532748414980796435e-04
1.696916367931927683e-02
2.328021446303560338e-01
1.047786623375962338e-02
3.621800403941297097e-02
2.207506991975640570e-02
9.472600502135780946e-04
2.648482090248048364e-03
3.985308631171070870e-02
2.845283230214707641e-03
2.694857595365065996e-03
1.046687708567492353e-01
4.229814158980127817e-03
1.263921817993775894e-03
4.750195089439532281e-02
4.803505366368155949e-01
1.844406078206627456e-02
2.780473545917456525e-03
2.628612618292049952e-01
1.253097046210913112e-01
3.596425426099842792e-03
1.644719508082469889e-02
1.685897330141919448e-02
5.712544672678379100e-04
8.968504358979813296e-03
3.071468212127040158e-04
3.059655967430449219e-03
3.958498807488389920e-03
3.358831738577214981e-02
7.755016575879899749e-04
1.973889181207360288e-01
1.181993156896451016e-03
3.857871143135389955e-03
1.004843639593076127e-02
1.119837866837651574e-02
8.425786953899042434e-03
2.978657501223061499e-02
2.132174293281630887e-03
5.605344795779784034e-02
1.401454219678529567e-01
1.074530093897303534e-03
1.007595559760133663e-03
8.539453945598771177e-04
7.515151564954251212e-03
8.608519864972298541e-02
4.632034463270569002e-01
4.470356000268228130e-02
4.110468230938030027e-04
2.533721037884489446e-03
2.768542841036978589e-04
3.615400767010683216e-03
6.112578503433000604e-02
8.932156515373598088e-04
5.369472304746030628e-03
2.408197028543150424e-03
8.860143585395391375e-02
1.461451798662561918e-01
7.605977948702358302e-04
2.973555218878612839e-03
6.649670748665407194e-01
1.634350146321977559e-01
1.421119278002608982e-03
1.268454633344122742e-02
1.660284868042986818e-03
6.644302012554852144e-02
4.814060933622925711e-03
4.936131408177830276e-02
9.128326348597962103e-02
6.172963825692873510e-03
1.619027871060726639e-02
3.375742299455562062e-03
4.922201166160823128e-03
6.276299428508337478e-04
2.956540546468139005e-02
2.043366453659430787e-03
1.924322337338364372e-02
3.738596388944223246e-04
2.563577006723044907e-03
9.530792509878776089e-03
1.248692495198982871e-04
5.813272640923543809e-03
6.625578876323218180e-02
5.891354929757709936e-05
8.532399967939786889e-03
1.616006012911480605e-01
5.513169660094980251e-04
2.089648108933480665e-03
3.755436371422896796e-03
4.887191900572516318e-02
3.661550855526238962e-02
2.963170502740363962e-02
2.027589740555849757e-02
1.589563102296079888e-01
1.770090705670874587e-03
1.553269714981894700e-02
6.196174820585481982e-03
5.596671282515644670e-03
2.766941713973025130e-01
1.349159767097290671e-02
2.364590760030642769e-03
3.284022178028204314e-02
1.202536488115288132e-03
1.295463299557457135e-02
2.106296557579287172e-04
1.775502493053047592e-03
1.508555629335471939e-03
3.063872617550042823e-02
1.253214508562103952e-02
9.252656582428998855e-03
1.239445540307541373e-03
8.195200261832400520e-04
5.226023005311203513e-03
1.381480954964908227e-02
1.819158150559495833e-03
2.136351521522508734e-02
1.892135188363382875e-02
1.379864743138110362e-04
1.816369420596557769e-03
2.677031321592403604e-04
2.996486666502305440e-01
4.025812723594897335e-02
6.663002003194245550e-03
5.164739581208947972e-05
5.010206081754110113e-03
5.176901521575867811e-03
1.872317029176808478e-01
1.459066681246970910e-03
4.570614343907233499e-04
1.717706401539883729e-02
4.344668166820467477e-03
4.100542540506705302e-01
2.516829721028264379e-03
3.720536780224883381e-03
9.819988761333030183e-05
1.149504931551872076e-02
1.118092835747228585e-02
9.272240017443670809e-03
2.447947564158092226e-01
6.921276662505309804e-03
1.939905460634027690e-01
1.502375499523068703e-01
1.469116519307175073e-01
5.815039120182870919e-02
6.390291711966289423e-02
1.370694568048520974e-02
1.436169584286619769e-02
4.332394641207397423e-02
3.227168331006416424e-02
6.511431163573118408e-03
2.155185890410458716e-01
2.576296686791199487e-03
5.214761976866320306e-04
2.903333650225390500e-02
2.991313393934950417e-03
5.787536829700365947e-03
2.793420265731854073e-04
5.299480715677190763e-03
2.234943396370913608e-03
1.063978925696729269e-03
1.327059922965814487e-01
4.473044271533574835e-04
2.049840811310098786e-03
1.214052421783885088e-01
1.716507608715441557e-01
4.380127218718889159e-02
2.883569862665000608e-02
1.599084331001876177e-02
8.049441827350109491e-03
3.847101241247288805e-02
2.251486614820225052e-02
8.880537086039225203e-02
1.397581760658453964e-01
6.485960251225944551e-02
1.938490063610415898e-02
1.347775300853913498e-02
2.416897894860295121e-03
3.710517330464187138e-04
1.304209421099173684e-02
6.358644167366839239e-02
3.929177430080043470e-02
2.479121384169657646e-02
1.973225283101873520e-02
4.171073971927030145e-03
4.590941006372080239e-03
1.646140891987403487e-01
1.439727660864860773e-02
6.624488364909013154e-03
1.306186014628118834e-02
1.572787326765998344e-03
1.014239792980646815e-01
8.260840186545991004e-02
7.846382520359478085e-02
8.015109266021266943e-03
7.853222520304344728e-03
6.205787193421567760e-03
5.884470391954543106e-02
3.385592538897730375e-02
1.384602464339643874e-02
1.356300031464435611e-02
6.610934836919021840e-02
7.741306972142458429e-03
2.082657674444726020e-02
7.757555500076308841e-02
2.782115830957055530e-02
2.862130049054626519e-04
3.711894815640112699e-02
2.026518343828705507e-02
5.606138599212490484e-03
1.606734226622545669e-02
3.083671804290637891e-02
8.172108058945867226e-01
3.259585870658877893e-02
9.724063970264522350e-02
6.933465117936062072e-02
3.225267940921251048e-02
1.859807470999526313e-02
1.985181699253989185e-01
1.005732240278049911e-03
1.279461957721948371e-03
5.625427375679547919e-03
2.304937122190797716e-02
3.912525405318029170e-02
1.409829313830131270e-02
1.039881867967494631e-03
1.337187905832253054e-04
1.300947902418980555e-02
2.418880688142103011e-02
4.813834552335609666e-04
9.084505156677874504e-02
4.161921234867700659e-02
6.307172010110445246e-03
1.965291993212167545e-03
1.280811153767137667e-01
4.916745917370944630e-02
5.139470889838406234e-03
2.348795833911844835e-02
4.822090807756772290e-03
3.447977483615479767e-03
9.605754538632146899e-03
2.915376626235112283e-03
1.918847678468397350e-02
2.473240825268783333e-02
1.325461214528276255e-01
1.308543089609485316e-04
3.264429365849049608e-02
1.634553871405028391e-01
3.422785638925111146e-02
1.939761495430928490e-02
1.981457387304634554e-02
3.126358103466423538e-02
2.344161226717527986e-03
2.588194234540094896e-01
3.737024300019791551e-02
5.049073702093799521e-02
7.415593280821255844e-03
1.144600363087951373e-03
1.662046037384405173e-03
4.163497939113242757e-02
9.405455604920327436e-03
6.730368826876542698e-02
4.207558901549039764e-04
8.994171248244690886e-02
7.055014433874737430e-04
6.093226694005667368e-03
5.646570880503500034e-03
4.214768851683985823e-02
1.475508046093569059e-01
3.715061801391388550e-03
1.185531379175974037e-02
3.456512306260597737e-03
4.281171838627811682e-04
3.063302292361800780e-02
1.046727901046738858e-02
6.464659745674511925e-03
3.017936672561573851e-03
7.144175170043266798e-02
8.042826609539801544e-04
4.552488771430950737e-02
3.888222113782715400e-02
2.264070920396864489e-04
1.101140903988905365e-02
7.561597521283011658e-02
4.764948302831262424e-03
1.034807950482117465e-04
1.976350463346895989e-03
1.909696985644755707e-02
2.287524021939236433e-03
1.979389573881627507e-01
3.103665857197505928e-03
1.478288316517834509e-02
1.551055928064794601e-02
9.652871139809697174e-03
5.535935062287137979e-04
7.103662744574469091e-03
6.637390593128877914e-02
8.502300340109368582e-03
1.096077388144871701e-03
2.979914639540332325e-02
8.895323984999470779e-04
4.183722252303864048e-02
1.408586325121267968e-01
7.081889712359636189e-04
3.078675183957786405e-04
2.343257883315529311e-01
1.553382403336318052e-01
1.677933406805566388e-04
1.614307847321741572e-03
7.177683884862627595e-02
5.774521976783406237e-03
1.076450463813946323e-01
8.881902373121036698e-02
1.468255520304977690e-01
1.693613037371702323e-01
1.152265011371324116e-01
3.370060258560018951e-02
5.779939511407607231e-04
4.303014935327520440e-02
4.021955554403874714e-04
1.456009232022923913e-02
6.641849596146335299e-01
3.244893866754045703e-02
4.079099878775580557e-01
1.231700388010398446e-02
3.287943328717200797e-02
4.354105735237460121e-05
1.849713338433204755e-04
9.263648228580494137e-02
8.014225836384462065e-01
2.479851012231013563e-01
2.494034734394866108e-03
9.396441174739631787e-04
1.413479343944465611e-03
9.288187870279406011e-02
1.058970290820835658e-01
1.555464991846159349e-03
8.129346412591148541e-02
9.991670345212862875e-03
3.531716673749873969e-01
1.195929333015017181e-04
3.195169972242072748e-03
5.552303098386873487e-04
6.011883953166170108e-02
2.263941721284894182e-02
5.271271506176512280e-03
1.372830449483000981e-01
5.653644619322560627e-02
1.400630512519639289e-03
8.365645410793233483e-02
7.068024470964384687e-03
9.516489946475749362e-02
9.393091967668585340e-01
5.295474842747073183e-03
1.529058537688487724e-03
2.748270002503356846e-01
5.987761145709883381e-01
5.526485820722347106e-03
1.731625118706323508e-03
3.152156528144899050e-02
8.078023868302020710e-03
2.470211407276237843e-03
1.053348122354453298e-01
1.108799875837585165e-02
2.004156360348992305e-02
1.881967475059508066e-02
2.269440283382877233e-02
1.125040581287321123e-01
9.246018029103872382e-02
4.734173409394092026e-04
1.600430626828832454e-03
8.076394018665112836e-04
3.969693567689504266e-02
3.236712180539585287e-02
8.931221040803925815e-03
1.036457005132202097e-01
7.091606822322137071e-02
6.014542064434107681e-03
2.151408065672728159e-02
1.368223094761825687e-01
3.426215078526935204e-03
3.493715531412604561e-03
3.105368349401711747e-02
8.033987878541215544e-02
3.700944069434743827e-03
1.516546954214852833e-02
2.905657704216619772e-03
2.379413745156016419e-02
2.098753066961238280e-03
8.811701341873831236e-03
6.594341283227693777e-04
1.865543315034550419e-03
2.104998048802022605e-03
2.618523702152670066e-02
6.974989155187492212e-03
5.990137244383470470e-03
3.116701639451335826e-01
5.532281819019069236e-01
1.903643883357361219e-02
9.319680748485652038e-05
1.302077135358405136e-02
1.628833925466358426e-02
1.671620082524844560e-03
1.354746887146024252e-02
1.555951438015514832e-01
2.470964725344872680e-03
2.927864279018999039e-02
1.421361253092331273e-02
6.662036357899941974e-02
4.918428198596159996e-04
1.932531901654438097e-02
3.070413163809005992e-03
1.022931928893588624e-02
1.880980347425877108e-03
2.411553902501431968e-03
1.327543484588806187e-03
4.185474351327524156e-02
4.413385275381167400e-02
1.167662183121756653e-01
3.341310558998784180e-02
9.807970048887421077e-03
4.825033173798194859e-03
5.012411964013864518e-02
6.634341926959516078e-01
7.561044853806217492e-02
2.445712918055672341e-02
3.267007033743203268e-03
4.584864367011030201e-03
1.512771695968832472e-02
8.158646247322586323e-03
2.752375536315116930e-03
2.492953979533000294e-03
1.447896023947112080e-02
7.024096373414193085e-04
2.218436603160097234e-02
3.327629068640371168e-02
1.579583133359288962e-03
5.246796893995504113e-02
4.741462528199810039e-02
1.189994850455662482e-03
5.910956923510315725e-04
7.011482159430370252e-03
5.927726063458308575e-02
1.453772063408095491e-02
3.568583584359390215e-02
3.533846669342238962e-03
1.124191746905454665e-03
2.532639483559551933e-03
1.162963422532223116e-03
1.062632695476559575e-03
1.286038233908306898e-02
3.198472858872808966e-01
7.843264827661533892e-03
1.108114749091697500e-02
9.202002940948973697e-02
2.703776321106547784e-03
2.377645017117630997e-04
2.864878242230811112e-01
3.584264502965531229e-02
5.095540845333996344e-02
6.825462717420993641e-02
2.696555146957026628e-04
8.915770669748980179e-03
8.854352186355517185e-03
2.449783904590656022e-02
2.633370788328798229e-01
2.826908830687796591e-04
4.843670927774301402e-03
4.088947127084358035e-02
1.463143324577244331e-02
2.151313914912637208e-04
6.001410854238243935e-03
7.424065156679247358e-04
2.321235561562267832e-02
6.148577104130033277e-03
3.949174232952278735e-02
6.724399358644769786e-02
1.428894005719449634e-01
3.541710506463851549e-01
5.077322094025505696e-03
2.417350535446490534e-01
7.111039482673591622e-03
5.632528617520606191e-03
1.959074740334043087e-03
5.117859396720330625e-04
1.445425065122190322e-01
5.535280619870320065e-04
2.675458730527014578e-02
3.869074813577103727e-02
1.692796557612966449e-02
1.375153391953227167e-01
9.065060537764674242e-02
1.030211767601282727e-03
4.369032012317932562e-02
5.057977508100385943e-04
8.693507789504022437e-05
2.346504785241786649e-03
4.762585205003670025e-03
3.002210088818886222e-03
1.553607594818455376e-03
9.991453225287075246e-02
2.264454935477367824e-03
6.488987555449872158e-01
2.196278556002358596e-03
9.560076410991763876e-03
1.775144385128201883e-03
2.600095584403369631e-03
1.834929642402623835e-03
1.461879421340123442e-01
2.534793856430516811e-03
9.049617835835677832e-03
3.671475310858656749e-01
4.100125134180756387e-03
2.384897417984233135e-03
3.268111603525318543e-02
3.358049060892842608e-02
4.470221999627934165e-03
2.475217365173968255e-04
1.879889006632070366e-03
1.293132934401935302e-02
9.946017255006436245e-04
5.405895363814155856e-03
2.675794146459413610e-03
2.992868073003353887e-03
1.392671779415675937e-03
1.480182557187704638e-03
1.296885567024231830e-03
7.206618115606303748e-04
1.987953980667734807e-02
4.161970327878527359e-02
8.116704742602216024e-04
3.667515696785457746e-01
4.389035723175259418e-02
7.903593599831365557e-03
9.228195507974058451e-03
1.784712910254073652e-03
4.841233965753488633e-02
4.244104737145835103e-03
5.942322588660237624e-03
1.484606477414651942e-03
4.021945694583374808e-01
1.893620848831461048e-02
1.644908344562262537e-02
3.472521723765669040e-03
7.877206001994452387e-05
1.976768022573388572e-02
3.149028848622388403e-03
7.049285681030154332e-04
5.771924231502878824e-03
3.523510474447672869e-04
9.349080881624929895e-02
4.866272979252983001e-03
2.068221329396193464e-01
2.605053217133376439e-02
7.845561815954764373e-02
3.685902060664648667e-03
1.305690732942553500e-02
3.583933937084041177e-01
3.956708707080055717e-03
1.353493789554830080e-02
3.911207025733421383e-01
1.993049111320223388e-02
5.032616243818469710e-04
4.782431487243144624e-02
1.277253198997247395e-02
2.015707826684019072e-02
3.999649570606995941e-02
2.721195550777968583e-02
6.288263004556347369e-04
1.919571931642323525e-03
4.498433226977503752e-02
3.124567291071082553e-01
3.734534043977485313e-02
4.823147789090750925e-03
1.106409247740335229e-02
2.817530457934808510e-03
1.661347890909995167e-03
9.969662128575879079e-02
6.399828751048426412e-01
6.637926131151579987e-04
9.681874765478851565e-04
2.482851604410470786e-03
9.021997507393920632e-03
4.889791901044224579e-03
1.236545816463408302e-03
1.719979886760019186e-02
1.249483893854478472e-01
4.943649262327833860e-01
9.383626661065626881e-04
5.764708934088227238e-02
7.662558048311327030e-04
1.192137381540079449e-02
2.320789934743286778e-02
2.274225255178516023e-02
3.089050702151530797e-02
2.383588802333010681e-01
9.439197902847877922e-04
4.757583192653432394e-03
2.301116437227344533e-02
2.732977473300239324e-01
8.303442739097218394e-04
1.660169478612668476e-02
1.148240180814249855e-04
3.042820092876871458e-03
5.353146265402430534e-03
6.077812563678933536e-03
2.955728675876807127e-03
7.608031794809862192e-02
1.105088620892306971e-04
5.057414775480275487e-02
1.556072325624461997e-03
2.366561162405732624e-02
1.283025947367101571e-03
3.733129456881810471e-02
5.551519763861353235e-02
1.978860109523851440e-01
1.797701901258502363e-03
2.380225750733894474e-01
1.675240415224343582e-01
2.739434808132273358e-01
1.031857823074497880e-02
1.853563447960976940e-01
2.611713520416337943e-03
2.273867586742090996e-01
1.290049627913472836e-02
4.161550733787314736e-03
3.945436975558643824e-05
4.335402584939421038e-03
2.329997522991611447e-02
6.919394214203322332e-03
9.820739218489103750e-02
3.309332189636791932e-02
1.370628920358451033e-02
3.846048378214040296e-03
5.198434233305419816e-02
2.617106370483505973e-02
7.850842795555650067e-02
5.293210998371419146e-02
1.485333111628370575e-02
8.036294078424453813e-02
4.089162185037716404e-03
1.583600354526315535e-03
9.551496632116446457e-04
4.209890094647596170e-02
1.345161999045008105e-01
3.782503000690056599e-02
6.913039107167180675e-02
7.895482959513948351e-02
7.754665752784784373e-04
4.538408641883743926e-03
1.351409436965969081e-02
2.609248870726135205e-01
2.693579332308599153e-02
1.937190319662055460e-01
7.320792610668020936e-03
1.312299669610833899e-02
1.533544056373713563e-02
3.764398289212037008e-02
1.968986974554976302e-02
2.076053471537156123e-02
1.048989380874251753e-01
1.058286991080039730e-03
2.748286892864276743e-02
5.008364457584091670e-03
3.708389760777427361e-04
9.673609777374828902e-04
3.726344452094110336e-03
7.260600660206137239e-04
1.029374186314661009e-02
4.672138500363397229e-02
6.098468936999346286e-03
2.564927278151921466e-02
3.336039459868677271e-03
1.546713896452104470e-02
3.906212112944494955e-03
9.218310879396496293e-02
2.551792754327702507e-03
9.735507675266634742e-01
2.689765128342459701e-03
7.515167905521253147e-04
1.909819803860797905e-03
1.289978467714996205e-02
5.879113820417953828e-01
5.352038620708364849e-03
3.279354931853802058e-02
3.713858473750359518e-02
6.347343888463788386e-02
2.512257679255341589e-02
5.099791827842277414e-02
3.342006421310995956e-02
2.764840944294676833e-02
1.642878858339058903e-02
9.551342593018715939e-04
2.522701062797429172e-02
6.058779926595839194e-02
2.605239132643825950e-02
1.747745702485087229e-03
2.591156964586554135e-03
6.062992523307403174e-03
1.108403818436378205e-04
5.772799271686022970e-03
5.631091383220932639e-02
1.116092175148607896e-02
1.889074096573126584e-03
3.915487043040026538e-02
1.080222413371513535e-01
8.451244459784820751e-02
7.259720586621580540e-02
3.248505312694611579e-04
3.186444598270929407e-02
4.448350119599011471e-03
3.691927938096154632e-02
6.367315479523628398e-03
2.070119707047476248e-02
1.244782019416808272e-01
4.950108070773394028e-03
4.566314540415023632e-03
6.826373161693574491e-03
2.188792536229819119e-01
5.218718771161863544e-04
1.351182219622977824e-03
4.855675763848601306e-02
1.262899346647371234e-03
5.072876695875038200e-01
1.079583401659311992e-01
4.703636865805236461e-02
3.129935102194368775e-03
4.322589413228398493e-03
2.105545118673486649e-02
7.461892693237595631e-02
3.906844868005285732e-04
1.016031280144205975e-02
7.453558226447035487e-03
7.680200935576407886e-03
6.420558283959586568e-03
3.567139522297052556e-02
9.312275198651190355e-02
1.181487210525559994e-01
4.547526884797675056e-02
8.011272964083361592e-02
1.893292547490218612e-04
1.290276980565179974e-03
1.856014405422987470e-02
4.897686744488057020e-02
5.014424069226496895e-03
2.736824259409017732e-02
2.492511039777926384e-03
1.660296892948265150e-03
6.626610936661315142e-03
6.886254301974960301e-02
6.368044485677574335e-03
1.813635543634145239e-02
1.404447512587155868e-02
1.084265187736839671e-02
2.803734458066743933e-04
1.748719549744461310e-01
2.522503935012540641e-03
2.350434456062207647e-02
1.867141887282520660e-02
3.871761030415219601e-02
5.431423167605285013e-02
1.599051389542209267e-01
2.089384731000407461e-02
1.370696172930759796e-03
4.457725375430925813e-02
2.922071900306896786e-02
3.069118747542423382e-03
2.256908467268202120e-04
4.685751761759757161e-02
1.467034681700914861e-02
1.918193660033078521e-02
2.134634156880188365e-03
6.879239986220082263e-04
2.077334086640715283e-01
1.280893644308269460e-03
1.585398380496989129e-04
5.273277612558633200e-04
1.198944668565936518e-02
5.299454138093244449e-02
1.169089304561527452e-02
3.298349656802033181e-01
7.416054355885175198e-02
1.076548446153386546e-02
3.785460922368691881e-03
2.643152229300811326e-02
1.914705861860806907e-02
9.550733542779753227e-02
1.880904652567570029e-02
1.377774191251515852e-02
2.410369465915074005e-01
4.749272483338161377e-02
2.976268785000891885e-04
3.838992265097751749e-03
1.402718085177468658e-03
2.168692287135807160e-03
6.851105985231345508e-02
6.032228595438961206e-05
1.701049942171901528e-03
1.471016090490019981e-02
2.931574701350308718e-02
5.746594921401269040e-01
6.248448440995121259e-04
2.670946631724608385e-03
9.494965735754143550e-04
1.050167340992830695e-04
3.381286752449408350e-02
5.146010016993785019e-02
8.550114971129530459e-04
7.491378852156694856e-01
8.383084208498248896e-04
5.813042282534448347e-04
2.342773492203339969e-02
4.986089581981211633e-02
5.788407602085830599e-03
4.432037366756742119e-02
9.514531032607319305e-02
1.761974899199067815e-02
9.938571269616526798e-04
2.656183238100969391e-03
1.735659196249282306e-03
5.306010119529298852e-02
1.579437759436603606e-03
1.135961504468387812e-02
1.486263729240194960e-02
1.395290045813397384e-01
9.914427789864793672e-02
1.802641957444004253e-02
5.788441085131020708e-02
1.526866285979620701e-02
1.345654794660909766e-02
1.753388170162327193e-03
7.890738685567460012e-04
1.943011546098480152e-03
1.428959053202304708e-01
5.104527216951563334e-02
2.327537930741827368e-02
1.636609608745412392e-02
3.680809776146697423e-03
6.107076232006074940e-02
1.089462110818717466e-02
4.729475209089434480e-03
2.884258183063461746e-03
2.872221112215930881e-04
1.617559349345802991e-02
3.321911981811726086e-04
4.200059002584177574e-03
6.827465025288881675e-03
9.200425613405401049e-03
2.907673181194106796e-02
3.392448700477767535e-03
1.009034406972774724e-03
4.591763226387541967e-03
2.256470800705242044e-02
1.968361675729481675e-01
5.451241971074848036e-03
5.944041657247196506e-03
5.845846916869041222e-04
2.561879199142540111e-03
3.844443896930884071e-04
5.099413876157545510e-03
1.035108978514661694e-02
2.386403424392683978e-02
8.733197593717115237e-02
2.044857913887249967e-01
1.542359334022926597e-03
2.579865007034378051e-03
3.654468878021150530e-02
2.109283616244502294e-02
7.268351639799458357e-03
9.700038370530890495e-04
2.836018684947992901e-03
2.651221805332067138e-03
4.097666156391831585e-03
3.978552042728909603e-03
2.970763573019106346e-02
2.796687678687316825e-01
1.217452714183741014e-01
4.262299970677945610e-02
1.496490234877978151e-02
3.960720556223717992e-02
6.397690765858564648e-05
4.826022788971189720e-02
5.407896084428432948e-01
3.314843508871376243e-01
4.549193758862207781e-02
6.705662674946581952e-04
2.173901870080603271e-03
1.237909001252625318e-02
2.070242253682085237e-03
5.456304250280216402e-04
4.552101622052503321e-02
2.119694447576813377e-03
7.396917671898324553e-03
1.245323464724195500e-02
2.524336266588457760e-03
1.275674416358066159e-02
6.997505871622994268e-04
2.813371594537473000e-02
1.584165772387956597e-02
3.168694052607649251e-03
1.416010463582872136e-01
4.968590633095822384e-01
4.154947724910132423e-02
5.096222212182209381e-03
1.356770490190474521e-02
5.958392151693392945e-04
1.230130990825086257e-01
2.649666568844862447e-03
4.887032033863249886e-02
2.010340660598269047e-01
2.823998972659414464e-01
4.267859092030944212e-03
2.740312379047852853e-01
5.877266721518673714e-03
1.068225580832957589e-03
1.214891037793730359e-02
5.364064861614233071e-04
1.679641665089397218e-01
1.368556273860021622e-04
5.396018004034307215e-04
7.237944960821324474e-04
1.100067848814207001e-03
2.995289918074111463e-03
3.087438305446710621e-02
1.567765597102129677e-02
3.943367075925358761e-02
1.683786577947277499e-02
3.211317097277194277e-01
2.441141961125073423e-02
6.241903947583733953e-04
1.055538836957502398e-03
8.852014388963624913e-02
4.507827267057534565e-04
1.465077495769024143e-02
2.300677819145511942e-03
1.431341167165129432e-03
5.169715889278975879e-02
1.280186973787250052e-03
6.107537426969079225e-02
9.806907016810435807e-02
1.370630622220727658e-02
2.279687015635163162e-03
4.091370778639849548e-02
6.609252085806523180e-02
1.341471122805487984e-02
6.989949590948513203e-02
1.836785109202532240e-02
1.838903384034868164e-03
4.802606488897039234e-03
1.508789973647068749e-03
2.873861220560789895e-02
1.133256545300961957e-04
1.131995926754188544e-02
4.905651452639452851e-04
2.556861268613708216e-03
4.155068871316288659e-01
3.202589130840948622e-02
8.359568624124647310e-03
8.515747122351793787e-04
4.671184854299786395e-03
2.041376717883251063e-02
4.564307938423944541e-03
9.442216315104202951e-03
1.909025190355403967e-02
7.767657886178846527e-04
3.206013322070180860e-02
4.951326211330714377e-02
9.392606010686197493e-01
5.516429939566861451e-01
8.733132711612818788e-01
8.161722303742979800e-01
8.451767022090889148e-01
9.357065049515549127e-02
3.648611706660502274e-01
3.832633095924454780e-01
9.403480170015432460e-01
6.750787280364700660e-02
6.590269800458363747e-01
6.010606761940112674e-01
7.410769837247435654e-02
9.515439687677811342e-01
8.381085043089636644e-01
4.884484336886311256e-02
8.056093326989519632e-01
6.822213533816627873e-01
7.580783717747742179e-01
6.314052979464489512e-01
3.750901109959415280e-01
9.780992170993401125e-01
8.745171297330002202e-01
1.323599607590737193e-01
7.677736618431127980e-01
6.579920614466843176e-01
5.197554442601033386e-01
6.528486385287647353e-01
8.679540486553075640e-01
4.533795146849703972e-01
2.562242618003851558e-01
7.802564250701398141e-01
1.712892184342255930e-01
9.047758520030310114e-01
9.862129249063923409e-01
2.123483241773406194e-01
9.115134486526087487e-01
1.882932253105892295e-01
7.577666211977436284e-01
3.056639023727553695e-01
5.778529042196131060e-01
7.339221438276538612e-02
3.798669645381037019e-01
7.909049884359868887e-01
1.391943260131439097e-01
5.672472355179155601e-01
6.656100696474004375e-01
6.256226058009590751e-01
9.530675990119755747e-01
9.656046464942300567e-01
7.564932587577688494e-01
3.997017520250009670e-01
2.424027780208641014e-01
9.053915226773276981e-01
4.684073338951309506e-01
7.579174789657912026e-01
2.952255325221440629e-01
2.502300667868377348e-01
9.792999702336984136e-01
5.376519888068550523e-01
8.546220856056878645e-01
8.299592729181718420e-01
9.394801755958892553e-01
1.914953621398214068e-01
3.193546038325493774e-01
2.801192250569123354e-01
5.470033571837690928e-02
2.527576525300080923e-01
5.956676755047909388e-01
4.070941699839418781e-01
1.767997359652710432e-01
3.951886963837722422e-01
6.639928889611378393e-01
1.683451780940880549e-01
1.901081341355418952e-01
9.462126572356712728e-01
5.306869121405509704e-01
9.019849399197588102e-01
6.180628737506499437e-01
9.883567550571676907e-01
3.418023833093131736e-01
7.653239650669353411e-01
6.812837584344524355e-01
7.381136527057909902e-01
4.373727165423911267e-01
5.812739373470057203e-01
1.709830148541328088e-01
5.702940786505534820e-01
5.795171290437654832e-02
5.757785727852995361e-01
3.588308152813053375e-01
8.093583098043977131e-02
8.893873075877658518e-01
3.395935465303095424e-01
3.766187849948181565e-01
6.326809978379787092e-01
4.714676816098971046e-01
5.476905041570858668e-01
9.122893811807173403e-01
6.739672638107221392e-01
