4.724522802054642590e-02
1.137841518992964707e-01
4.495733475373294569e-02
2.408286251330457248e-02
1.743729829766002895e-02
8.449654299749663477e-03
5.403588286100891210e-03
1.420024071488571425e-02
1.106985686542985917e-02
4.625654857472008552e-02
3.098440537707973855e-02
1.011178926281578773e-02
5.629805230530891130e-02
1.881239873327722745e-01
2.156015332468666848e-02
6.427352853272135132e-03
4.029059923297465678e-02
1.495995696113403862e-03
6.190039706284979765e-03
4.058873655238100231e-02
1.578666404029443202e-04
2.903434411902764897e-02
2.973084127846077444e-03
8.996006383597278042e-03
1.688277377840307833e-03
3.590300124659552561e-02
3.677735251104341865e-03
1.518132459993490509e-02
1.661902756182266280e-02
2.886558764453731399e-02
5.137125946101313810e-03
7.506046540686738162e-03
4.075569842658517683e-02
8.682718067910389194e-04
5.967118312599087662e-03
8.493506026119945025e-04
1.453707332113340737e-02
1.436648330807199503e-01
9.642227259412773990e-03
2.306511933178664181e-02
2.083628570216304599e-02
2.060144136467588830e-03
3.044531546700623200e-03
3.145997635172737006e-02
3.865533605976918807e-03
3.556584822959842421e-03
4.587515755328833156e-02
4.535128336225571939e-03
2.065810560796039769e-03
2.367939283707407028e-02
1.953046684181313775e-01
1.496179263776228202e-02
3.607956406117068197e-03
1.083183204288322016e-01
5.885194241679099492e-02
5.206686114016735589e-03
1.471480051938333852e-02
1.720851442788547819e-02
1.040345347417988720e-03
8.794262282236975717e-03
8.230840997778786361e-04
4.073543707696445498e-03
3.718898764447784583e-03
1.864485557238251823e-02
1.745348491500963491e-03
7.458297743541486557e-02
2.253696638503229800e-03
6.528605533971905579e-03
8.225080613968540136e-03
1.416721855892876490e-02
1.072742331170217084e-02
2.247874887906246150e-02
3.248240805043383413e-03
3.134257435469230135e-02
6.645940519327975249e-02
2.315358712774021228e-03
1.561502231164847883e-03
1.634908354221061575e-03
9.012836424307266170e-03
5.172476377656291813e-02
1.506824212673776864e-01
2.823538080015473850e-02
8.597247261889601720e-04
3.892947085836113291e-03
6.651411799635596322e-04
3.839855342573651829e-03
4.534233304649157997e-02
1.823803596582469983e-03
6.889554378341052054e-03
3.460486349015197416e-03
4.587734830623436955e-02
7.631765708671978121e-02
1.205555986943638875e-03
4.124928224105394760e-03
2.773006864535607074e-01
6.052584310894099096e-02
3.392985142532744993e-03
1.217300932328811529e-02
2.620787278246943137e-03
4.159670324835115784e-02
6.458633483601577269e-03
3.450752910157310616e-02
4.709067038454693016e-02
5.835416651139561928e-03
1.559233871861837560e-02
4.852754395668798862e-03
6.449644593005457276e-03
1.097905901905935283e-03
2.508849480232182641e-02
2.113363721405807968e-03
1.152749528265157794e-02
9.427520717345999656e-04
3.963635095642152259e-03
1.106612880526648864e-02
4.186220167163412064e-04
7.750819193193551372e-03
3.634141475123916359e-02
2.800431771411639897e-04
7.984731662216455403e-03
6.630347753875910632e-02
1.545049059651225310e-03
2.981312727386999442e-03
4.892451978698485887e-03
2.826386240562440630e-02
2.212501827510547636e-02
1.744823452098235445e-02
1.496606035309198078e-02
8.421226343286192240e-02
2.579795553294799478e-03
1.405866798714481072e-02
9.113882635175466276e-03
6.225528997668219010e-03
1.233854773494984791e-01
1.306759735578403615e-02
2.304931000264614366e-03
2.352799599121528293e-02
2.339495115996867089e-03
1.035386706219351173e-02
6.444417040074625069e-04
3.321094508500177424e-03
2.867978016500892860e-03
2.189200636508579004e-02
9.687970711054396528e-03
1.202568904468245131e-02
2.644079119486266935e-03
1.986693967467704786e-03
6.527317552465277881e-03
1.885405801013436897e-02
3.219178138371961082e-03
1.887793457089902149e-02
1.335679718107003928e-02
4.459378921400627624e-04
2.310951910110338112e-03
7.520857728567588354e-04
1.162479185220607336e-01
2.366912595366530911e-02
8.041006639134753650e-03
2.167391990985610966e-04
6.144441827175933270e-03
8.345050819779155707e-03
8.779447600450535072e-02
2.195911164135185088e-03
1.356113571126540962e-03
1.463167747780478450e-02
6.284694113130982404e-03
1.488048931843085898e-01
3.083068570468768584e-03
4.489994560317570743e-03
3.991772968411156156e-04
1.354564253515529344e-02
1.229303757884563433e-02
8.577230974847256662e-03
1.162333453871467193e-01
8.983882646433053246e-03
9.248325881711505492e-02
8.347608421305391380e-02
6.096038184007355337e-02
4.532276798066595808e-02
4.218405185291582843e-02
1.560149900182747004e-02
1.442513437181029354e-02
3.096977572143469123e-02
2.402473208314574032e-02
7.747423552084442208e-03
8.295102647110903782e-02
3.824624376646428882e-03
9.956253710656564823e-04
1.764822807326772366e-02
3.898679559304454693e-03
7.703774217005744142e-03
6.995541402069041558e-04
4.618147996732237942e-03
2.632982953142887390e-03
2.018859970283689350e-03
8.646881057508348789e-02
1.012574386191607799e-03
3.526651255682530708e-03
6.513759016117888490e-02
7.010213338085692636e-02
2.589245770643937294e-02
2.090232137125789050e-02
1.332491708508880095e-02
8.085546033554980722e-03
3.227382335507975042e-02
2.259987553054022824e-02
4.023482845441028050e-02
8.034452952350799870e-02
4.142056469404162972e-02
1.730808112595376078e-02
1.235592008636308969e-02
3.337744483221886677e-03
1.347817447683031557e-03
1.019935691164116330e-02
4.289408952577642570e-02
2.378454388788079146e-02
2.293262212459807117e-02
1.391033377482796263e-02
5.371649668533881074e-03
5.986499339054675121e-03
7.309863571625772882e-02
1.565281978609126684e-02
7.934752513975415825e-03
1.113479968018381110e-02
2.911119982855066204e-03
5.087638267993956770e-02
3.850191647806536221e-02
3.922167485355651517e-02
7.829073627338149072e-03
1.063355145955516799e-02
7.265437537970446426e-03
3.279847782082653124e-02
2.395297275089833602e-02
1.670389917506276758e-02
1.019078009259415975e-02
3.921566910994295913e-02
7.628379999647584564e-03
1.989992976084023826e-02
4.653588674617957499e-02
2.264581460394492554e-02
6.661951265026921790e-04
3.132325475449420499e-02
1.656141305912041048e-02
6.085772371084909906e-03
1.588624094094685801e-02
2.112523366336205993e-02
4.332295427404752042e-01
1.593658962881132693e-02
5.426077775971763217e-02
5.648966485079508215e-02
2.234004666401564337e-02
1.337121666194639180e-02
8.473804320835137682e-02
1.874102056443509691e-03
2.609663164265086256e-03
6.280918860564703617e-03
1.621950733250837259e-02
2.504396258033826997e-02
1.448477615035591304e-02
1.524398794382035571e-03
6.047117194676138131e-04
1.375462253688167213e-02
1.460022152974229867e-02
1.183014002561623033e-03
4.955152050768547173e-02
2.914819253173452085e-02
6.629570869018833017e-03
4.226027143596851679e-03
5.212138183658040352e-02
3.546328121742370332e-02
5.026554957976873093e-03
1.782063209282552796e-02
5.173171792291242875e-03
4.793448801287223705e-03
6.972307021218923824e-03
3.151088740467109309e-03
1.747047871404987240e-02
1.779118978071074844e-02
5.203311262314454233e-02
7.420722325503251128e-04
2.191014944805585660e-02
6.621832000252288186e-02
2.096432258678759125e-02
1.239069615964220709e-02
1.380277804611755067e-02
2.271226642838418408e-02
3.170935338836525404e-03
1.062019210308433464e-01
2.125258673840713791e-02
2.955053014934803934e-02
8.146043143063682809e-03
2.592307189857279495e-03
3.127621668941345592e-03
2.644482646154130631e-02
7.926187923354201595e-03
4.162168602140267626e-02
1.135922619190572443e-03
4.503249832976494171e-02
1.888469201161846554e-03
6.551167861246705998e-03
6.151838400239754284e-03
2.780077627508489163e-02
7.051708679894824749e-02
5.084045896939468588e-03
1.052943246843980260e-02
4.572816201593285848e-03
1.179344990220928830e-03
2.317841238735623630e-02
1.157891510244727848e-02
6.424605134357613476e-03
5.274419896105603592e-03
4.214056699504017262e-02
1.633773369278722007e-03
3.707294127270315681e-02
2.262858854908235059e-02
7.438973966719206622e-04
1.475585106777821572e-02
4.354660121838696551e-02
5.945076902587451487e-03
3.736219228503640313e-04
2.912080445622904946e-03
1.466375991896452791e-02
3.413784852932686287e-03
8.583964032147275991e-02
4.499645468735640613e-03
1.335937806159684556e-02
1.620149496060709765e-02
8.940989810950060457e-03
1.452033439776235320e-03
6.798997767908107094e-03
4.038494953082094607e-02
9.194957608495727894e-03
1.712939061340448908e-03
1.870327258102529380e-02
2.143953385811356045e-03
2.365699219444988496e-02
6.404552532517060470e-02
1.334416436985480514e-03
1.109503071516799609e-03
1.043008831479454029e-01
6.158764646827658701e-02
5.775045802570460312e-04
3.308132274415697717e-03
5.017319600081019543e-02
7.908480708329692493e-03
4.778901437030665805e-02
5.460156984599888463e-02
7.764027576693803556e-02
8.182204395738161551e-02
4.339387352497093425e-02
2.331582433680772296e-02
1.141102649587910547e-03
1.726933127332364037e-02
1.194895828505078850e-03
1.398755620937205089e-02
3.218315294430394435e-01
2.827509652630208481e-02
1.379379363488813237e-01
7.775823627335413067e-03
2.139850492594554121e-02
2.039590790950543484e-04
7.217072841104469000e-04
5.070139661285722604e-02
3.348008191106777720e-01
1.146230477641523582e-01
4.045200530651640349e-03
1.703366135470120576e-03
2.427396686544229954e-03
5.793355160644770435e-02
4.360733664005231325e-02
2.406738540856614116e-03
4.796800491004230699e-02
7.562252609836043853e-03
1.660151689906988470e-01
5.134868820268889819e-04
4.198562302437940444e-03
1.266298388754374081e-03
3.682938896674953916e-02
1.906177431813432105e-02
5.547024199854072753e-03
5.712659012350585624e-02
3.135053454647442756e-02
2.345309056068280076e-03
5.169039900169299095e-02
7.185000694793564242e-03
5.258861973288202901e-02
6.478989975983319161e-01
5.542745234372953300e-03
3.077259184150123693e-03
1.107086519808513220e-01
2.321921663942506098e-01
8.675858671967635882e-03
3.677028459657970694e-03
2.044479964778939118e-02
9.559433093296201486e-03
3.282377207086045745e-03
5.782485914978175573e-02
1.003931954343888558e-02
1.673108394315610259e-02
1.594665017286965233e-02
1.639967987687101364e-02
5.924332726462409882e-02
5.032944959434131060e-02
1.159239582447385303e-03
2.135911164929167431e-03
2.133686204815380891e-03
2.654158268832504733e-02
1.919194749988266391e-02
7.469603043393000137e-03
6.855475279353348550e-02
4.545206897924850692e-02
7.351206924252483461e-03
1.562308184307641470e-02
5.739511698519458860e-02
4.379817268070849631e-03
4.024038775783985410e-03
1.954995112676500071e-02
3.582458853071970178e-02
4.352527553794110528e-03
1.536949953237034573e-02
3.398551999704531486e-03
1.793733377864403095e-02
3.354300129265502545e-03
1.027343025259213824e-02
1.537139506203505411e-03
2.552123265343141014e-03
2.919079572872581609e-03
2.294432217611854646e-02
8.092294082169392694e-03
7.156912971664060492e-03
9.512611095296971686e-02
1.994070254452315338e-01
1.498768797590258571e-02
4.036380341472399404e-04
1.181366834035510113e-02
1.459644677378769267e-02
2.472674598561515683e-03
1.366460734135999631e-02
5.915145671270247846e-02
3.741073833285319360e-03
1.444841084623623220e-02
1.694523563763937132e-02
4.128164335682603381e-02
9.624053639432141602e-04
1.559539131605898118e-02
4.722991190219011717e-03
1.060338217373025041e-02
2.583161786287850419e-03
3.499690851614914184e-03
2.575870811961978191e-03
2.998565948779390380e-02
3.125700456900457752e-02
6.191561556450900228e-02
2.885702927826465716e-02
1.095582206782572988e-02
6.103103802222661911e-03
3.035678088720869874e-02
3.291410614557321868e-01
5.833664301405445951e-02
2.022011478754841274e-02
4.830240042591971150e-03
4.936238208405691920e-03
1.204611455383675610e-02
7.830604098203656702e-03
3.989776176586733517e-03
4.861956924292473031e-03
1.283660409541627183e-02
1.457704501531850759e-03
1.840060761775887815e-02
2.325612857473345271e-02
2.642411869651972722e-03
3.586072384716293415e-02
3.221344866591591832e-02
2.433741931061439434e-03
1.126066034978061682e-03
7.765000678748568835e-03
3.266109914334310027e-02
1.346876943253043704e-02
2.640187145122493279e-02
3.923310421932594931e-03
1.981253505464130715e-03
3.068444490431039562e-03
1.514536363678209863e-03
1.798598246375369535e-03
1.298195562651154912e-02
1.329805003840680011e-01
6.986325806667198143e-03
1.326854209610105022e-02
3.965715237112260594e-02
3.735398709928064269e-03
6.099413329023869925e-04
1.075422817287806643e-01
2.058302732392486636e-02
3.417802824812263274e-02
3.878208610152634322e-02
7.106996999121527239e-04
9.886953131098991446e-03
1.075293417512387072e-02
2.591808216969360840e-02
9.500997790841088364e-02
8.251730646025254865e-04
5.107695990836672029e-03
2.832096313548490563e-02
1.365009710290960784e-02
8.133314127410649951e-04
6.556773311393760718e-03
1.272411840600862773e-03
1.664028135826074381e-02
5.793238279349664961e-03
2.144888685275646995e-02
4.449004546349105693e-02
6.377019006324526063e-02
1.086140989917483701e-01
7.236485291188912358e-03
9.033530345455824395e-02
6.451732211472827050e-03
6.377662738311438984e-03
3.253535327784067791e-03
1.080091269477910943e-03
7.650896616028078634e-02
1.447172495142725040e-03
1.653535651989128039e-02
2.497484386663790384e-02
1.588739561893112717e-02
7.600786042839680068e-02
3.877741342386616802e-02
1.704968558421344820e-03
2.514766550463844869e-02
1.177068629554618804e-03
3.487986239940314573e-04
3.405064857840472883e-03
5.196966006348818085e-03
2.882681492085402159e-03
2.431324605150522906e-03
4.965281534869184915e-02
3.183770085263073341e-03
2.698704056893381220e-01
3.512646818636245942e-03
1.096665312141816180e-02
3.033803112628566910e-03
2.985098235087668781e-03
3.690208210652737818e-03
7.242286884282898851e-02
5.402812872052553325e-03
1.122065933010404741e-02
1.457554013858313458e-01
7.601585619422095326e-03
2.812828184914150254e-03
1.950544765489424862e-02
2.155021604717544115e-02
4.462832744075669912e-03
8.781710735971042870e-04
4.147526569157366540e-03
1.095172563918264848e-02
2.247457546680085329e-03
6.323176464741366715e-03
3.960570174684857787e-03
4.648710362385963593e-03
1.995565728973411942e-03
2.056573575570818779e-03
2.132987771120143251e-03
1.481549267348000049e-03
1.324485394288584320e-02
2.126119038670757147e-02
1.817623874222881785e-03
1.481840591670392504e-01
2.795456413484236763e-02
6.958365732097075013e-03
1.009839077678528589e-02
3.054917297570266047e-03
2.177009217517547959e-02
3.899465245130262839e-03
6.978011918819525781e-03
2.597996453742491482e-03
1.761161182657476898e-01
1.150272789881976593e-02
1.307289904676097077e-02
4.663667103632099242e-03
3.366831992540795463e-04
1.731609611820111166e-02
4.253592957816423881e-03
1.082866489981063572e-03
8.212824458358159233e-03
9.491280182415747380e-04
5.238091715408233623e-02
6.712137723363538304e-03
8.782513307854639129e-02
1.570505976397507455e-02
4.338254988216921904e-02
5.243011473103245494e-03
1.095327829762895479e-02
1.461897659535635885e-01
5.071003623602142289e-03
1.285247887815702504e-02
1.529397887672750145e-01
1.750157756327400810e-02
1.149485600283028583e-03
2.733845998477440684e-02
1.234636561335489616e-02
1.582269584348260094e-02
2.563943570435068056e-02
2.352691226294223448e-02
1.360799363374457036e-03
3.126497256632580855e-03
2.649435342517971262e-02
1.477989875415459120e-01
2.765438693933067876e-02
5.660084616038179792e-03
8.912318416307173433e-03
3.339417841410133314e-03
2.442300537642857431e-03
5.652903584990447844e-02
2.722156506333334169e-01
1.272696715044405657e-03
2.588928209960524984e-03
3.321915994009703044e-03
1.006201769480805433e-02
5.666697997277217458e-03
2.751962863412084175e-03
1.289966644799599160e-02
5.969125896720103158e-02
1.736119634681415613e-01
1.558369595731809139e-03
3.535743387956494233e-02
1.801501992826999923e-03
1.048080779612562546e-02
1.806055938045571935e-02
1.378777535093308158e-02
2.100949807458903432e-02
1.072582266928391592e-01
1.482466412126833303e-03
5.387985062075449465e-03
2.342734903279782704e-02
1.513689738653861971e-01
2.010444680357820983e-03
1.867358224335469163e-02
4.757797603663292121e-04
4.483849095550833559e-03
7.256498111368784101e-03
8.341706112777225873e-03
4.498589016025648576e-03
3.709475200173729253e-02
4.665698501647570729e-04
3.923038400835102135e-02
3.071767412549254728e-03
1.971192472290012737e-02
2.202762431433379076e-03
1.986147740725011795e-02
2.927032240658320600e-02
9.194700080779091844e-02
3.024623472081204145e-03
8.457046942351824359e-02
7.704875148455801737e-02
1.360402728603068712e-01
1.295208737835104769e-02
7.329452137756481411e-02
3.679918805978891604e-03
9.509852781050663617e-02
1.078443760255914062e-02
5.546007827409073915e-03
2.292194675686452755e-04
5.396814982882906786e-03
1.891287753565364452e-02
8.250884795404138383e-03
4.718299098702315869e-02
2.063223457682719295e-02
1.351826649809126889e-02
6.391658890236832750e-03
3.634987551858823163e-02
1.793705913849960587e-02
4.272012524772380443e-02
2.933200306749832176e-02
7.898268483974256460e-03
3.671630763495991462e-02
6.788460697257640147e-03
2.671606030880478710e-03
1.873723584965516446e-03
3.090327423876410712e-02
5.257805066092777896e-02
2.402530625454903090e-02
3.468353534200787486e-02
5.103697372597212900e-02
1.562440770999646298e-03
5.551789075170465888e-03
1.260231334759241185e-02
1.137223835757041890e-01
2.633552375811123655e-02
8.702204447314702829e-02
7.536151788068961264e-03
1.029844241910963035e-02
1.659806262076451988e-02
1.818463869773415467e-02
1.519982299252860096e-02
1.340011746464587865e-02
5.444460715862885908e-02
1.484173704950962928e-03
2.024369711422569634e-02
6.097528179842812146e-03
1.024462953951236870e-03
2.032444688764512442e-03
5.895319045305820287e-03
1.371632492421698702e-03
8.147856540388728752e-03
3.273418127944068001e-02
9.140401456782238157e-03
1.929366757950468428e-02
4.550258891757238099e-03
1.091907597066590387e-02
4.899094569830282457e-03
6.038786138937841941e-02
3.236709246572396555e-03
7.523411374017663356e-01
3.924158587900000890e-03
1.542457126078018367e-03
3.038327713023168241e-03
1.527075247946976799e-02
2.043093537445673791e-01
9.476490673244179763e-03
1.620926094483391908e-02
2.462740007844084131e-02
2.928035163307178557e-02
1.448353565760984556e-02
2.952414468367920569e-02
1.828614965557846458e-02
1.821930815847813689e-02
1.490606100954987648e-02
1.152062123426421348e-03
2.271966582679163169e-02
3.753490833985582281e-02
1.568096898122615934e-02
2.818581367671525294e-03
2.925313982301492016e-03
6.189643799882424934e-03
4.332819685921450079e-04
6.788731059416887315e-03
3.090726435672103145e-02
1.215801771285087741e-02
2.404571630058904234e-03
2.601220049821766425e-02
5.983605348097596061e-02
6.096301247491825448e-02
4.279781697655640760e-02
7.249336930774356999e-04
1.976990904706486460e-02
5.759848523373295795e-03
2.913480888220205609e-02
6.425449289102460465e-03
1.500948729041941439e-02
4.169361887675102074e-02
7.245643141148407594e-03
4.877511670287443778e-03
9.638491349938349897e-03
1.008483220081594078e-01
1.108898271251848762e-03
2.000446950643823118e-03
2.874772982511398373e-02
2.181539643416424441e-03
2.003873783995018809e-01
5.172072858562299508e-02
2.684828117903786948e-02
3.150123193257178388e-03
4.839613074369975010e-03
1.759630006892394863e-02
3.413318248358269275e-02
1.180441148249103270e-03
9.395015166054437178e-03
5.530691942671302035e-03
5.000682497670258519e-03
7.565683399438538799e-03
3.763387504167273190e-02
4.497284031298427048e-02
5.257485349423497017e-02
2.560351127112867747e-02
4.282193209947471324e-02
5.340398923188743223e-04
2.802737438185355211e-03
1.682740340793976996e-02
2.337331617396648173e-02
6.625892109005909747e-03
1.822293088255750454e-02
3.996877448019961650e-03
2.625819305130477465e-03
6.405939214678912919e-03
3.761259005702669023e-02
8.640350289057723704e-03
1.472240078171756228e-02
1.431213552267460859e-02
1.083474549597312347e-02
7.873204501998680438e-04
8.297659495308305766e-02
4.422108905622542351e-03
2.068004381425705626e-02
1.662005553084539358e-02
2.201454900825625810e-02
3.560390170762924023e-02
9.653588728200987457e-02
1.541053806887842520e-02
2.371398779652318222e-03
2.559355765400159535e-02
2.401032421256472926e-02
3.748658697373248323e-03
6.203103247445888608e-04
2.535053470434206480e-02
1.057127013887217311e-02
2.007641030186647566e-02
3.484910303975994467e-03
1.642375495352229242e-03
8.558673328411256498e-02
2.416652710639866433e-03
3.621742444262173225e-04
1.781490167463183451e-03
1.047862499386521991e-02
2.808573579898525352e-02
1.551630563420908389e-02
1.363573449125541071e-01
4.348412762902198470e-02
8.810336790980644039e-03
5.019380318424275164e-03
1.784340191624815206e-02
1.461972272175910900e-02
5.842404064562159438e-02
1.477774876865733944e-02
1.302528397192933944e-02
1.014258770539184229e-01
2.851722545838126718e-02
7.436425896191434194e-04
6.500980955722420428e-03
2.067222852804001532e-03
4.178205885507581263e-03
5.034830630214617853e-02
3.017848655990873984e-04
2.580430672278131044e-03
1.013132164948026687e-02
2.088772704992065965e-02
2.217704074630190425e-01
1.296111041315090636e-03
3.571929346366735803e-03
1.502399623345033325e-03
3.686934498676153974e-04
2.732738726888407979e-02
3.525428415834036544e-02
1.808941289866191271e-03
3.418995829548441834e-01
1.460129619814645903e-03
1.115066985622893475e-03
2.356765534482849894e-02
3.377218433604093489e-02
6.272802230005473066e-03
2.067589770318948791e-02
5.020286243682600680e-02
1.483631675373516152e-02
1.534734298219376982e-03
4.344904522138611988e-03
3.127516782748674794e-03
2.766970446562684594e-02
2.631344980511205953e-03
1.030022354366898034e-02
1.187642658665876046e-02
5.304142145028944294e-02
4.643084229162608434e-02
1.911732530823548673e-02
3.330985375525351982e-02
1.342563128718361927e-02
1.507646591242759772e-02
3.138565925784533080e-03
1.431257931995459773e-03
2.822936109850869568e-03
6.551995189133508202e-02
3.475785950827958021e-02
1.622942841011961249e-02
1.294476981419563633e-02
4.553102351093170005e-03
2.864528140851328383e-02
1.481487015813726972e-02
4.626995054784360274e-03
4.161701909176818322e-03
7.452353657969925391e-04
1.498709383910216790e-02
1.355500641757822382e-03
7.235470740337370324e-03
5.693895437133231555e-03
7.706971573717342691e-03
2.225791535068253127e-02
6.024185095409488079e-03
2.225956587929007850e-03
5.059447091261643978e-03
1.970611310729021917e-02
7.776313273369089840e-02
5.972123796569528409e-03
5.714763349742943248e-03
1.353436225652716526e-03
3.187635171847071590e-03
9.937797425673821228e-04
7.871266063594818674e-03
7.818289564655658136e-03
1.974377487773530324e-02
4.737360821755805251e-02
9.588711323738439984e-02
2.479723198083234794e-03
3.574046739775123532e-03
2.188894523952115631e-02
1.536607776166570155e-02
8.420847233674803867e-03
1.987548198235530861e-03
5.784443682229828410e-03
3.169985095997597188e-03
4.020171824770662691e-03
3.834530190465347110e-03
2.111045082039159429e-02
1.078213714246139265e-01
5.413491051970979739e-02
3.380675350207585500e-02
1.358969443079141408e-02
2.864426337262849023e-02
3.473914205469415717e-04
2.150589870576288462e-02
2.104312757527869171e-01
1.117164305762387289e-01
2.745208222248623001e-02
1.602854545238086145e-03
2.391496846192936801e-03
1.083556006346664442e-02
2.427324332983821307e-03
1.091034230759078353e-03
2.679965890160083269e-02
3.138462467530881914e-03
9.295805457105638797e-03
1.149963897950422552e-02
3.066556930015403026e-03
1.089469048547468850e-02
1.268055717512504843e-03
1.687992774135924079e-02
1.743174432183534558e-02
3.749845575355968512e-03
5.848163485528556915e-02
2.109934892165755971e-01
3.079083428946493423e-02
6.459304463745961684e-03
9.414792108338102331e-03
1.891930808818217697e-03
4.928215336190351625e-02
4.364714189649873503e-03
2.995282816860768069e-02
9.531865729739698312e-02
1.038117826899809526e-01
5.762466104616793469e-03
1.267163584139294197e-01
6.440883546602813904e-03
2.102474771710442086e-03
1.072934798366982113e-02
1.058034953290685120e-03
9.978661549383549545e-02
5.235400661227244479e-04
1.279564001293502810e-03
1.810398060653340595e-03
2.305699945730490044e-03
4.535584304967102409e-03
2.016164756709326600e-02
1.248951786153472236e-02
2.127197227551051034e-02
1.630724173549279177e-02
1.055983892699945553e-01
1.696524037250032174e-02
1.046662038437947773e-03
1.908464190139586491e-03
4.901529764217615881e-02
1.222866602658033907e-03
1.791949245405656185e-02
3.534206197726181588e-03
2.969186901014005120e-03
2.835284842096814917e-02
2.835188703065022638e-03
3.005753031688155122e-02
6.216895756037486148e-02
1.703672350889226181e-02
4.028263081596953829e-03
2.491897897644128682e-02
3.433716921077572398e-02
1.259664146542031210e-02
5.612274463686560411e-02
1.885696582423964512e-02
2.644856130429467257e-03
6.011658539280584183e-03
2.881744314731002430e-03
2.377023257839844944e-02
4.862417125071431790e-04
1.129674033223159076e-02
1.175018284285375301e-03
2.960657262582833734e-03
1.453849653363388506e-01
2.708470890212534912e-02
9.409620918746532461e-03
1.792826286980907105e-03
5.517051632343421795e-03
1.527047797560166648e-02
7.083247752648570185e-03
8.734003261674954874e-03
1.158402710885324781e-02
1.921101929117965436e-03
2.403608539638949632e-02
2.438789498860507304e-02
6.743949339234963647e-01
2.352599779782399703e-01
5.375747733308591236e-01
4.392570676881548120e-01
4.745754707571860909e-01
4.156693223613666666e-02
1.484850582174587763e-01
1.415505708461805845e-01
6.758947883586743366e-01
3.439001572665061068e-02
2.969052544182372300e-01
2.471644392587237227e-01
3.564136772889996141e-02
7.192687990267299103e-01
5.010563848902204187e-01
2.521436506319135046e-02
4.246835769604077049e-01
3.305814588474064175e-01
3.992501833235831965e-01
2.760208698075347633e-01
1.484633440209659205e-01
8.125152079841982955e-01
5.353626248608968075e-01
5.629026124431258521e-02
3.775183339467235166e-01
2.881204887304946172e-01
2.180621436917143663e-01
2.969672752564231910e-01
5.304199745018752798e-01
1.795363641868122362e-01
9.758911079227566843e-02
3.927038176008942338e-01
7.452306660487457990e-02
5.823704813581355166e-01
8.636011319645361395e-01
8.971170746069971613e-02
6.008648846013548983e-01
7.748713365696673072e-02
3.950167139511497338e-01
1.291710532491339714e-01
2.528480966907362681e-01
3.764200574312284026e-02
1.540024953796091944e-01
4.333329091002923183e-01
6.412600873113839806e-02
2.345425861571907022e-01
3.198557726477740393e-01
2.793514556928524128e-01
7.157169217846366394e-01
7.656976204302626821e-01
3.850839878708450237e-01
1.635303397789048818e-01
1.006109803326067226e-01
6.015984370010680760e-01
2.001938775932925463e-01
3.965791060642641086e-01
1.140358148940264077e-01
9.694268305693903853e-02
8.341559074117023131e-01
2.277611177369686379e-01
4.906266350926273279e-01
4.539016370990597293e-01
6.733451622485430166e-01
8.144672155669635538e-02
1.247953303491308036e-01
1.127695397706616476e-01
2.869216393662265760e-02
1.042211467776372469e-01
2.528186880408322956e-01
1.627121480297943623e-01
7.549576009909753083e-02
1.577762914856442600e-01
3.133326428492882454e-01
7.023179195120698992e-02
8.353495739410464471e-02
6.896260194164304247e-01
2.257852047285150432e-01
5.795104977966017978e-01
2.767528951112981916e-01
8.855352019949419562e-01
1.444784916575175271e-01
3.868553538717577345e-01
3.224316184825030129e-01
3.513284215665884447e-01
1.793482593387462076e-01
2.477886291788340134e-01
7.335757458694280864e-02
2.481485887049536820e-01
3.031540492057965136e-02
2.430163663116855777e-01
1.562130468078258283e-01
4.030070228087175022e-02
5.591478986752489444e-01
1.412605368775841641e-01
1.455864432644405626e-01
2.910658114062061319e-01
1.934378885474531962e-01
2.194153352151525793e-01
6.132807438579465087e-01
3.190496148023170275e-01
