9.6995
7.1598
11.7575
7.3160
17.6114
6.2427
7.6473
8.1144
8.7523
6.3521
5.4387
6.7457
8.2432
9.5152
9.0694
9.5967
8.6996
12.4686
9.1106
9.5164
7.4700
11.1281
8.3827
6.9885
6.0666
5.8288
14.7947
6.1217
14.1120
5.4075
9.7683
7.9614
7.6376
11.1603
10.4067
12.5772
8.4127
6.8206
10.2405
5.7344
4.6885
12.5427
6.6219
8.7452
15.0907
10.3069
10.0760
7.4385
8.1656
11.9139
7.6345
9.0935
9.9981
6.3853
13.5220
7.6656
6.8569
10.2209
9.5762
9.9119
7.2770
7.9453
13.9585
6.5807
16.2384
6.4784
8.4349
5.6799
13.0866
8.3940
5.7286
14.1745
7.9213
10.4280
13.0906
13.7127
5.9102
12.2031
7.0278
7.0166
10.8933
11.0587
14.9314
4.9098
4.9027
7.9090
19.8655
4.0361
15.7457
9.1836
6.0697
7.0161
7.7015
5.9185
15.0025
7.3567
9.1611
9.0630
8.8275
15.3955
9.9392
17.7152
11.0553
12.1542
9.2454
4.3080
8.8397
6.8452
8.5942
10.2707
7.9984
10.0766
6.3021
9.9121
13.3014
17.6091
13.7249
12.0483
7.7605
9.8577
9.1527
11.0609
6.0176
8.9042
6.1427
12.9046
12.3996
13.6601
9.1340
7.4842
5.1334
6.2329
6.0111
14.8352
9.5057
12.7553
16.8045
7.1014
10.2564
12.1338
13.4812
10.3948
14.5312
10.5254
17.6969
9.4206
15.3111
12.1331
5.4154
8.8717
8.4159
9.0252
15.0704
12.4973
12.0134
6.8430
7.6053
7.9791
4.9415
5.3069
4.7113
9.1633
9.0513
8.1409
7.4204
11.4795
14.7548
7.8019
11.1833
10.7879
15.3751
10.0169
5.3303
11.4983
15.8551
5.9476
16.5992
12.8363
6.1455
9.2231
14.9193
13.9812
10.2658
6.6543
9.9841
8.7978
9.0741
8.4568
7.8984
5.3737
10.3001
13.6758
6.8846
5.8905
6.6015
6.9557
12.3442
11.4343
11.3749
12.8363
5.6466
4.3338
5.7169
8.8738
9.0277
6.8287
9.9743
7.0512
7.6249
6.8071
10.3473
5.8282
6.8496
7.7758
4.9902
8.9948
4.9737
8.4485
5.2311
6.6491
9.2439
14.1824
12.2507
8.4435
7.5416
11.0910
11.4905
8.2869
6.3083
10.9588
8.7144
6.4798
11.2134
11.8826
5.6892
8.5484
6.0271
11.0150
10.0948
18.9070
9.3869
6.4243
9.8176
8.8545
10.8748
11.1102
9.0370
6.7534
11.9146
9.6273
