0.0097
0.9998
0.0190
0.0000
0.9969
0.8955
0.0564
0.9999
0.2376
0.0216
1.0000
0.0005
0.0092
0.0008
0.2232
0.0092
0.0001
0.2096
1.0000
0.9952
0.0001
0.0013
0.0155
0.0000
0.0727
0.0081
0.0083
0.6642
0.0000
0.0001
0.9987
0.7572
0.5487
0.0740
0.0000
1.0000
0.9992
1.0000
0.0000
0.4608
1.0000
0.0000
1.0000
0.9998
0.8333
0.0405
0.0052
0.9626
0.1075
0.9920
1.0000
0.7166
0.1822
0.0000
0.0272
1.0000
0.8803
1.0000
0.0000
0.9985
0.0000
0.0419
0.0001
0.3317
0.9892
0.0002
0.3309
0.0168
0.6728
0.9987
0.9977
0.3613
0.0000
0.0001
0.0819
1.0000
1.0000
0.9999
1.0000
0.3164
0.3680
0.0042
0.1004
0.6766
0.0004
1.0000
0.9939
0.0012
0.1165
0.9998
0.9977
0.1730
0.4827
0.9144
1.0000
1.0000
0.0007
0.9922
1.0000
0.0000
