0.0000
0.2889
1.0000
0.0000
0.0000
0.1514
0.0000
0.4067
1.0000
0.0000
1.0000
0.0000
0.0000
0.9999
0.0000
0.0000
1.0000
0.9998
0.0000
0.0000
0.0029
0.0000
0.9991
1.0000
0.0000
0.0000
0.5919
1.0000
0.0000
0.9500
1.0000
0.8722
1.0000
1.0000
1.0000
1.0000
1.0000
0.0000
0.0000
0.8637
1.0000
0.0000
1.0000
0.9999
1.0000
0.9999
0.0000
0.0000
0.0000
0.0000
1.0000
0.2118
0.0000
0.9987
0.9990
1.0000
1.0000
0.9995
0.0000
1.0000
1.0000
0.9912
1.0000
1.0000
0.0102
0.0005
0.1018
0.0144
1.0000
0.9997
1.0000
0.9993
0.0000
0.9998
0.0007
0.0000
1.0000
0.0000
0.1049
0.9999
1.0000
1.0000
0.0000
0.0000
0.0000
0.0000
1.0000
0.6604
1.0000
1.0000
0.9723
0.9997
1.0000
0.0000
0.9997
1.0000
0.0000
0.8160
1.0000
0.0138
